#name: Zivanovic,Genome_Biol,2009
#score: 7.5
#weight: 100%
#description: abundance based on Spectral counting, from <a href="http://www.ncbi.nlm.nih.gov/pubmed?term=19558674" target="_blank">Zivanovic,Genome_Biol, 2009</a><br/><b>Interaction consistency score</b>: 7.5&nbsp<b>Coverage</b>: 62%
#organ: WHOLE_ORGANISM
#integrated: false
#
#internal_id	string_external_id	abundance_ppm	raw_spectral_count
#
5110902	593117.TGAM_2156	3.8982234339941417	2
5110903	593117.TGAM_2157	259.90857236590824	54
5110896	593117.TGAM_2150	1495.3066949057613	307
5110897	593117.TGAM_2151	647.1950239623774	103
5110900	593117.TGAM_2154	11.376883211299415	4
5110538	593117.TGAM_1792	784.1147450574501	219
5110537	593117.TGAM_1791	1182.0547369125532	355
5110898	593117.TGAM_2152	43.646919928263216	21
5110536	593117.TGAM_1790	388.07334024219944	143
5110899	593117.TGAM_2153	38.5741723156613	7
5110530	593117.TGAM_1784	655.2909275969195	47
5110275	593117.TGAM_1529	1.7675249477289856	1
5110893	593117.TGAM_2147	291.2131719864346	50
5110892	593117.TGAM_2146	159.28313312671185	54
5110272	593117.TGAM_1526	2.227257435040823	1
5110528	593117.TGAM_1782	271.0852654228535	30
5110529	593117.TGAM_1783	1061.1101677522233	163
5110891	593117.TGAM_2145	23.40964817324301	7
5110535	593117.TGAM_1789	201.61172301326883	18
5110532	593117.TGAM_1786	2915.472599773497	778
5110533	593117.TGAM_1787	542.3968627662513	91
5110895	593117.TGAM_2149	1046.3169139067513	161
5110266	593117.TGAM_1520	694.0184640056121	214
5110267	593117.TGAM_1521	84.51834403212574	12
5110271	593117.TGAM_1525	100.67443467413506	17
5110268	593117.TGAM_1522	116.24997599722329	14
5110269	593117.TGAM_1523	5.662835306640892	2
5110886	593117.TGAM_2140	84.23012126730755	16
5110888	593117.TGAM_2142	40.347193353296944	13
5110889	593117.TGAM_2143	211.55173579887676	92
5110539	593117.TGAM_1793	263.23917865737997	18
5110283	593117.TGAM_1537	126.37031555679667	20
5110880	593117.TGAM_2134	31.321891887962224	6
5110284	593117.TGAM_1538	2277.3790344424765	593
5110883	593117.TGAM_2137	83.04424234846601	23
5110542	593117.TGAM_1796	5.999636794284733	1
5110544	593117.TGAM_1798	441.8402210153641	65
5110276	593117.TGAM_1530	61.969368955754206	7
5110277	593117.TGAM_1531	859.1189920842992	179
5110279	593117.TGAM_1533	8320.751843734042	758
5110280	593117.TGAM_1534	20037.159296921185	2125
5110281	593117.TGAM_1535	2072.601837331805	128
5110282	593117.TGAM_1536	348.14455842007544	32
5110878	593117.TGAM_2132	13.563891478167648	4
5110879	593117.TGAM_2133	163.83021011138632	14
5110877	593117.TGAM_2131	3735.948436586643	630
5110874	593117.TGAM_2128	3.6785499736128844	1
5110871	593117.TGAM_2125	243.3587129937226	32
5110870	593117.TGAM_2124	614.2119046007128	276
5110869	593117.TGAM_2123	183.55946079171528	19
5110251	593117.TGAM_1505	1299.927769372522	466
5110249	593117.TGAM_1503	172.33511557911234	12
5110246	593117.TGAM_1500	136.07360919513783	15
5110247	593117.TGAM_1501	19.83474271634121	1
5110868	593117.TGAM_2122	33.11540018340353	14
5110261	593117.TGAM_1515	11.514854159399745	3
5110858	593117.TGAM_2112	2.485341619052437	1
5110861	593117.TGAM_2115	16.176798754173955	2
5110860	593117.TGAM_2114	358.6410160615463	50
5110257	593117.TGAM_1511	1445.5949299289948	679
5110258	593117.TGAM_1512	124.35051310639815	12
5110259	593117.TGAM_1513	20.456073952280516	2
5110260	593117.TGAM_1514	17.381300558371866	3
5109440	593117.TGAM_0694	76.83597038981665	3
5110851	593117.TGAM_2105	615.2521092295603	113
5110852	593117.TGAM_2106	12.08114346984725	3
5110853	593117.TGAM_2107	26.232123003715092	11
5109444	593117.TGAM_0698	1247.0092983505517	454
5110854	593117.TGAM_2108	35.51628242488466	6
5109244	593117.TGAM_0498	1276.241613863756	120
5109243	593117.TGAM_0497	2.5765129284883934	1
5110857	593117.TGAM_2111	50.394645951995166	20
5109245	593117.TGAM_0499	966.6160299330111	18
5110856	593117.TGAM_2110	380.95318701323396	54
5110846	593117.TGAM_2100	27.35178461744838	5
5109207	593117.TGAM_0461	4798.936390686472	781
5109206	593117.TGAM_0460	5074.688871589557	1130
5109205	593117.TGAM_0459	1613.4370080197332	140
5109199	593117.TGAM_0453	9.075720444649425	4
5109200	593117.TGAM_0454	271.0190828843941	22
5109198	593117.TGAM_0452	6.289218971331779	2
5109203	593117.TGAM_0457	53.669601500764784	5
5109201	593117.TGAM_0455	15.578341644793957	2
5109216	593117.TGAM_0470	179.91948292367925	18
5109218	593117.TGAM_0472	26.129194854096216	2
5108947	593117.TGAM_0200	52.24329069361887	3
5108949	593117.TGAM_0202	8.061374790614249	1
5109208	593117.TGAM_0462	44.57890967782778	6
5109209	593117.TGAM_0463	1526.506521502954	161
5109210	593117.TGAM_0464	59.43725149483681	14
5109211	593117.TGAM_0465	113.3038887145034	22
5109213	593117.TGAM_0467	1553.2594308972987	159
5109214	593117.TGAM_0468	806.4348505143504	269
5109215	593117.TGAM_0469	2847.5076066363367	478
5109229	593117.TGAM_0483	2633.7895712887284	752
5109228	593117.TGAM_0482	587.8562307951481	86
5109227	593117.TGAM_0481	54.33962201386011	11
5109226	593117.TGAM_0480	2428.5316179281895	809
5109225	593117.TGAM_0479	25.25952621422627	4
5109223	593117.TGAM_0477	6549.500302619949	206
5109220	593117.TGAM_0474	71.83053327374863	5
5109236	593117.TGAM_0490	1474.7247148997124	110
5109234	593117.TGAM_0488	3150.620138220743	403
5109235	593117.TGAM_0489	233.12554429838352	14
5109231	593117.TGAM_0485	721.9375762504994	68
5109232	593117.TGAM_0486	333.38186690051924	40
5109233	593117.TGAM_0487	1300.8129682900721	193
5109171	593117.TGAM_0425	988.8672090591768	106
5109170	593117.TGAM_0424	467.32715352529397	76
5109169	593117.TGAM_0423	22.64634461364958	2
5109168	593117.TGAM_0422	6391.957765885615	3715
5109167	593117.TGAM_0421	2675.090151231037	347
5109166	593117.TGAM_0420	233.95108593745536	29
5108801	593117.TGAM_0054	12.848333840194185	1
5108996	593117.TGAM_0249	112.31054466609343	67
5108995	593117.TGAM_0248	80.46174498014453	11
5108993	593117.TGAM_0246	1.4531039418973215	1
5108991	593117.TGAM_0244	17.19653582140901	9
5109174	593117.TGAM_0428	2146.168116525077	272
5108990	593117.TGAM_0243	19.204694721927524	2
5109173	593117.TGAM_0427	5552.156523260908	2144
5109172	593117.TGAM_0426	699.3545213185184	175
5108998	593117.TGAM_0251	15.253326507304838	2
5109556	593117.TGAM_0810	76.39074986837902	2
5108795	593117.TGAM_0048	14.901309446543848	4
5108796	593117.TGAM_0049	45.45380936263442	3
5108997	593117.TGAM_0250	69.11483502950558	6
5109375	593117.TGAM_0629	5686.45574272488	1109
5109372	593117.TGAM_0626	74.86584288953162	13
5108794	593117.TGAM_0047	33.30663916725724	3
5109370	593117.TGAM_0624	19.975610801408354	3
5108792	593117.TGAM_0045	70.23130922292458	7
5109369	593117.TGAM_0623	5.348050649482412	2
5109564	593117.TGAM_0818	95.19263126969976	28
5109561	593117.TGAM_0815	201.15701742924864	49
5109366	593117.TGAM_0620	9.426299966975728	3
5109367	593117.TGAM_0621	303.97332323958153	62
5109559	593117.TGAM_0813	21.37448401609049	7
5109557	593117.TGAM_0811	613.3079571852179	146
5109558	593117.TGAM_0812	27.677853363838217	17
5109158	593117.TGAM_0412	6594.273716714274	25
5109160	593117.TGAM_0414	31.71190925218678	2
5109159	593117.TGAM_0413	182.12392112935999	31
5108986	593117.TGAM_0239	79.92913323975084	4
5109156	593117.TGAM_0410	271.00267840244805	192
5108788	593117.TGAM_0041	17.451031708113433	1
5108983	593117.TGAM_0236	716.3968130938625	63
5109165	593117.TGAM_0419	0.9242936482039047	1
5108787	593117.TGAM_0040	74.8484488001106	26
5108790	593117.TGAM_0043	23.629362022339038	2
5108985	593117.TGAM_0238	36.11443636071669	3
5109162	593117.TGAM_0416	905.8663375691019	96
5108978	593117.TGAM_0231	92.19593497176777	11
5109164	593117.TGAM_0418	76.33271046342351	37
5108981	593117.TGAM_0234	2708.194999255319	454
5108980	593117.TGAM_0233	1168.5754954747651	149
5108784	593117.TGAM_0037	51.91679868752339	5
5109363	593117.TGAM_0617	2664.574419793363	527
5109364	593117.TGAM_0618	19.65775719677126	7
5108785	593117.TGAM_0038	505.8839793020218	57
5109365	593117.TGAM_0619	45.90298411057634	12
5108786	593117.TGAM_0039	70.74916837105306	7
5109567	593117.TGAM_0821	28.833383031255465	8
5108780	593117.TGAM_0033	78.27437101704197	7
5109359	593117.TGAM_0613	544.8351789206885	35
5108781	593117.TGAM_0034	304.24024481821374	31
5108782	593117.TGAM_0035	135.2080275601054	23
5109362	593117.TGAM_0616	5.098782860535111	1
5108783	593117.TGAM_0036	79.81523997164346	19
5109575	593117.TGAM_0829	69.62429300330275	7
5109358	593117.TGAM_0612	39.176655964645754	11
5109568	593117.TGAM_0822	29.908777277807328	5
5109570	593117.TGAM_0824	6.02445924068682	4
5109189	593117.TGAM_0443	62.87709230048219	11
5109188	593117.TGAM_0442	110.04469688527374	36
5108976	593117.TGAM_0229	4740.485925873585	771
5109193	593117.TGAM_0447	539.6542115315194	237
5109192	593117.TGAM_0446	936.8051877634064	101
5109190	593117.TGAM_0444	1230.8707488374268	458
5109195	593117.TGAM_0449	340.6759231400897	28
5109194	593117.TGAM_0448	1312.901567557012	263
5108974	593117.TGAM_0227	92.61517408680533	18
5108779	593117.TGAM_0032	383.2855594686456	126
5108973	593117.TGAM_0226	28.95377893468419	4
5108778	593117.TGAM_0031	345.84123590798083	41
5108777	593117.TGAM_0030	256.31848185484785	17
5108972	593117.TGAM_0225	502.8430195338657	62
5108971	593117.TGAM_0224	97.09123325290113	25
5109394	593117.TGAM_0648	30.56023181381963	10
5108772	593117.TGAM_0025	1052.3991548350355	157
5109395	593117.TGAM_0649	473.79025241297296	58
5109392	593117.TGAM_0646	1056.0868613255495	64
5109393	593117.TGAM_0647	29.272563005542075	13
5108977	593117.TGAM_0230	3742.3378104644676	1638
5108776	593117.TGAM_0029	2.654123225135307	1
5108773	593117.TGAM_0026	72.80285258990592	3
5108774	593117.TGAM_0027	103.7636237705531	12
5109386	593117.TGAM_0640	1485.982819641531	259
5109387	593117.TGAM_0641	231.8235753730799	79
5109579	593117.TGAM_0833	8.571646127940227	1
5109388	593117.TGAM_0642	134.49281460253786	32
5109583	593117.TGAM_0837	18.512621997288893	4
5108965	593117.TGAM_0218	2893.4126355004933	779
5109176	593117.TGAM_0430	103.05634938439495	16
5109178	593117.TGAM_0432	60.08658917265401	9
5108966	593117.TGAM_0219	90.71447189164643	14
5109177	593117.TGAM_0431	463.2580821409808	73
5109180	593117.TGAM_0434	17.46920955771275	5
5109182	593117.TGAM_0436	58.56256126861682	11
5108957	593117.TGAM_0210	137.5102115579581	35
5109183	593117.TGAM_0437	200.57422705379062	19
5108959	593117.TGAM_0212	151.41231058218855	38
5108960	593117.TGAM_0213	2.200883989504669	1
5108962	593117.TGAM_0215	17.473251384096375	3
5109385	593117.TGAM_0639	85.81729499104988	6
5109587	593117.TGAM_0841	73.59997443921299	5
5108764	593117.TGAM_0017	329.3379579544764	72
5109588	593117.TGAM_0842	38.57204025038838	7
5108765	593117.TGAM_0018	1014.6052111940216	203
5109589	593117.TGAM_0843	10.639023411607889	2
5108766	593117.TGAM_0019	14.346432825767346	6
5109591	593117.TGAM_0845	3.811239433167149	1
5109592	593117.TGAM_0846	205.00106148517582	22
5109593	593117.TGAM_0847	16.172382016584688	1
5109376	593117.TGAM_0630	1530.019117148959	188
5109595	593117.TGAM_0849	567.2940662634056	45
5109035	593117.TGAM_0288	47.7694583528799	8
5109033	593117.TGAM_0286	17.961362517015566	9
5109034	593117.TGAM_0287	30.729542206324084	8
5110659	593117.TGAM_1913	271.00512851105645	76
5109875	593117.TGAM_1129	733.6088402498928	276
5109874	593117.TGAM_1128	92.26339633850556	8
5109868	593117.TGAM_1122	30.931434567096062	6
5109413	593117.TGAM_0667	64.44649997249735	5
5109876	593117.TGAM_1130	20.909325553551085	9
5109412	593117.TGAM_0666	471.3355310264605	74
5109877	593117.TGAM_1131	56.086728030051596	8
5109411	593117.TGAM_0665	226.07564385255563	32
5108756	593117.TGAM_0009	81.01522890301666	15
5108755	593117.TGAM_0008	3.7214739859727657	1
5108754	593117.TGAM_0007	6.228078047076742	3
5108753	593117.TGAM_0006	46.63417432795843	8
5109040	593117.TGAM_0293	76.6953256630856	27
5109039	593117.TGAM_0292	7.735625897959488	2
5109038	593117.TGAM_0291	120.62654876332418	17
5108749	593117.TGAM_0002	5.147647170569803	1
5110653	593117.TGAM_1907	2212.240536440258	324
5109026	593117.TGAM_0279	8.886969138866577	1
5109022	593117.TGAM_0275	19.463270821855367	6
5110648	593117.TGAM_1902	568.9020099875175	115
5109023	593117.TGAM_0276	8.068502728789467	3
5110647	593117.TGAM_1901	5341.439615414496	901
5109024	593117.TGAM_0277	65.64097455008822	14
5110646	593117.TGAM_1900	19.0394821143928	2
5109885	593117.TGAM_1139	203.86640829223165	63
5109882	593117.TGAM_1136	33.212323749120685	4
5109881	593117.TGAM_1135	268.0903076495776	34
5109886	593117.TGAM_1140	248.074713318867	38
5109887	593117.TGAM_1141	239.8177328420121	80
5109030	593117.TGAM_0283	1235.4962820863057	161
5109029	593117.TGAM_0282	75.70054627942243	10
5109032	593117.TGAM_0285	274.6481320881658	58
5109031	593117.TGAM_0284	394.6444164574243	133
5109028	593117.TGAM_0281	18.240061533595796	2
5109027	593117.TGAM_0280	568.2383665362756	93
5110655	593117.TGAM_1909	354.2808281693878	89
5109855	593117.TGAM_1109	192.38044011926272	39
5110680	593117.TGAM_1934	272.03880690223235	30
5109013	593117.TGAM_0266	523.49685747895	52
5110143	593117.TGAM_1397	7543.4642341971	3674
5109014	593117.TGAM_0267	6432.577867098212	603
5110679	593117.TGAM_1933	11.750812725394793	2
5109153	593117.TGAM_0407	240.60351565533625	25
5109150	593117.TGAM_0404	757.6443839723083	95
5110682	593117.TGAM_1936	781.368856712568	48
5109011	593117.TGAM_0264	1441.5503876361379	206
5110145	593117.TGAM_1399	1120.239556039364	8
5109012	593117.TGAM_0265	4232.806259040374	840
5110681	593117.TGAM_1935	142.38280146526847	42
5110683	593117.TGAM_1937	59.95344963157211	10
5109154	593117.TGAM_0408	2.7709043354712577	1
5110685	593117.TGAM_1939	84.83212397458458	27
5109155	593117.TGAM_0409	6.137492034262806	2
5109016	593117.TGAM_0269	3.0449843013167768	1
5109849	593117.TGAM_1103	72.51025161204117	7
5110676	593117.TGAM_1930	419.4800366984066	90
5109148	593117.TGAM_0402	6605.396992837349	1024
5109437	593117.TGAM_0691	473.8204313586864	115
5109851	593117.TGAM_1105	94.4945543718959	56
5109149	593117.TGAM_0403	302.26527876274145	56
5109850	593117.TGAM_1104	53.50437935010883	4
5109438	593117.TGAM_0692	35.910380966123505	12
5110678	593117.TGAM_1932	22.879194492504823	3
5109853	593117.TGAM_1107	1279.0971030212552	365
5110677	593117.TGAM_1931	161.2827711083134	16
5109436	593117.TGAM_0690	1252.1245773183193	917
5109147	593117.TGAM_0401	6554.97847839182	2385
5109428	593117.TGAM_0682	1369.5481674621958	786
5109433	593117.TGAM_0687	17.316301831975366	2
5109856	593117.TGAM_1110	591.2916952110999	81
5109021	593117.TGAM_0274	188.05257629830558	35
5109020	593117.TGAM_0273	26.36585205845461	2
5109019	593117.TGAM_0272	147.17881048881534	37
5109018	593117.TGAM_0271	35.230040508793195	7
5110671	593117.TGAM_1925	503.84755202500247	305
5110134	593117.TGAM_1388	7.25317812052264	1
5110670	593117.TGAM_1924	450.192335542602	120
5109001	593117.TGAM_0254	253.64168672793195	60
5110133	593117.TGAM_1387	53.001688667080245	8
5110669	593117.TGAM_1923	297.4003372209238	30
5109002	593117.TGAM_0255	141.0088436509285	97
5109865	593117.TGAM_1119	15.62564526427144	3
5110668	593117.TGAM_1922	589.982643384354	75
5110675	593117.TGAM_1929	718.8127793875894	69
5110673	593117.TGAM_1927	199.769300783653	13
5110672	593117.TGAM_1926	1916.9976245018759	1422
5109555	593117.TGAM_0809	295.2429317824172	47
5109858	593117.TGAM_1112	136.90211570617595	16
5109864	593117.TGAM_1118	29.72981025601171	6
5110667	593117.TGAM_1921	1462.055962051213	78
5109863	593117.TGAM_1117	112.95344919903764	16
5110666	593117.TGAM_1920	1968.7154236733952	193
5109427	593117.TGAM_0681	44.292766200340616	5
5109418	593117.TGAM_0672	3.6985052229634445	1
5109547	593117.TGAM_0801	294.4542543132477	34
5109546	593117.TGAM_0800	7535.840646342273	1550
5109549	593117.TGAM_0803	187.80678656434526	9
5109419	593117.TGAM_0673	14.115100447810631	1
5109866	593117.TGAM_1120	119.99311842982678	32
5109551	593117.TGAM_0805	68.55593287307113	3
5109550	593117.TGAM_0804	284.357523790943	11
5110137	593117.TGAM_1391	114.95456496252427	15
5110138	593117.TGAM_1392	4.20597117299348	1
5110136	593117.TGAM_1390	1448.5062931101618	672
5109008	593117.TGAM_0261	4471.732431788517	721
5110141	593117.TGAM_1395	26.776679354007346	7
5109007	593117.TGAM_0260	19.219705153523023	6
5110139	593117.TGAM_1393	145.63097543819273	8
5109010	593117.TGAM_0263	871.8833798621055	66
5109009	593117.TGAM_0262	5079.76133568219	1510
5109641	593117.TGAM_0895	3707.4766172078125	640
5109642	593117.TGAM_0896	3035.925431302112	1159
5110325	593117.TGAM_1579	35.324716534145345	6
5110130	593117.TGAM_1384	3.4578742356235646	1
5109643	593117.TGAM_0897	25.5909253538944	8
5110323	593117.TGAM_1577	301.29143122787735	61
5110128	593117.TGAM_1382	235.9633108040698	26
5110127	593117.TGAM_1381	285.6906745891422	74
5110505	593117.TGAM_1759	324.7550399233968	44
5110126	593117.TGAM_1380	447.63958184786344	49
5110805	593117.TGAM_2059	5.446884703326854	1
5110320	593117.TGAM_1574	7.717106937455763	3
5110804	593117.TGAM_2058	46.633790566342725	4
5110503	593117.TGAM_1757	29.699838255865178	18
5110319	593117.TGAM_1573	14.282050120397836	4
5110502	593117.TGAM_1756	427.76133006997554	121
5109921	593117.TGAM_1175	359.71658351115474	60
5110501	593117.TGAM_1755	67.15981148527857	8
5110500	593117.TGAM_1754	457.04553249519404	105
5110499	593117.TGAM_1753	139.31676088231296	43
5109919	593117.TGAM_1173	35.87639316275235	13
5109918	593117.TGAM_1172	691.548532384862	341
5110498	593117.TGAM_1752	35.20052478943799	15
5109917	593117.TGAM_1171	323.5991472916469	54
5110497	593117.TGAM_1751	2671.7184492022557	829
5110496	593117.TGAM_1750	13.682299767485075	3
5110699	593117.TGAM_1953	1600.312241756529	321
5110697	593117.TGAM_1951	270.8373884024181	14
5110698	593117.TGAM_1952	139.7923358114162	43
5110696	593117.TGAM_1950	135.21309625813896	38
5109912	593117.TGAM_1166	73.6249502186417	11
5109913	593117.TGAM_1167	11.066464664368361	4
5110813	593117.TGAM_2067	55.78955648899051	9
5110125	593117.TGAM_1379	209.24385880060515	26
5110705	593117.TGAM_1959	2321.268727641555	271
5110810	593117.TGAM_2064	19.05006209594414	7
5110327	593117.TGAM_1581	9.402417912562086	1
5110123	593117.TGAM_1377	489.61129272639425	105
5110808	593117.TGAM_2062	939.9497888266505	233
5110703	593117.TGAM_1957	15.938467126668622	1
5110809	593117.TGAM_2063	54.61251391186867	14
5110704	593117.TGAM_1958	182.3291648847493	2
5110806	593117.TGAM_2060	2643.7725365061665	482
5110701	593117.TGAM_1955	636.5479649235539	91
5110121	593117.TGAM_1375	625.5230175669168	53
5110122	593117.TGAM_1376	201.461265561426	33
5110702	593117.TGAM_1956	67.41021889992129	4
5110313	593117.TGAM_1567	2.3540060764049073	1
5110118	593117.TGAM_1372	8.262366835014392	1
5110117	593117.TGAM_1371	66.95669640664372	14
5110120	593117.TGAM_1374	10.854337282013676	1
5110314	593117.TGAM_1568	2.172736528300004	1
5110493	593117.TGAM_1747	0.6611107993561551	7
5110815	593117.TGAM_2069	197.34567157439415	26
5110814	593117.TGAM_2068	318.63097827982284	75
5110308	593117.TGAM_1562	26.61090153536188	10
5110495	593117.TGAM_1749	0.5381568078966701	2
5110310	593117.TGAM_1564	19.843371147430663	5
5110489	593117.TGAM_1743	46.95856469838134	15
5109931	593117.TGAM_1185	218.8708032768367	51
5110488	593117.TGAM_1742	266.5386652731907	91
5110491	593117.TGAM_1745	2.9234774477589602	1
5109932	593117.TGAM_1186	21.529688252556586	4
5110490	593117.TGAM_1744	87.78974650704335	37
5109927	593117.TGAM_1181	58.12922088478655	10
5109926	593117.TGAM_1180	10.42273456979833	2
5110487	593117.TGAM_1741	4.669329660941919	1
5110486	593117.TGAM_1740	64.98301106212267	12
5110686	593117.TGAM_1940	62.004329576263885	14
5110687	593117.TGAM_1941	312.32981687513677	34
5110688	593117.TGAM_1942	14.86550153459101	2
5110816	593117.TGAM_2070	270.241942283706	102
5110689	593117.TGAM_1943	3344.5267377428195	1014
5109923	593117.TGAM_1177	80.8433049013132	9
5109925	593117.TGAM_1179	1105.8331106880785	298
5110821	593117.TGAM_2075	158.32732301984788	28
5110114	593117.TGAM_1368	15.300977610948328	2
5110695	593117.TGAM_1949	29.510488220902324	2
5110318	593117.TGAM_1572	20.066850928387616	4
5110817	593117.TGAM_2071	22.504271457670338	3
5110110	593117.TGAM_1364	28.659432934688425	3
5110690	593117.TGAM_1944	337.21930475665016	92
5110691	593117.TGAM_1945	126.91404157693007	18
5110112	593117.TGAM_1366	152.4997467281798	41
5110693	593117.TGAM_1947	904.761417291756	136
5110113	593117.TGAM_1367	508.8569842036992	108
5110820	593117.TGAM_2074	13.365270740387047	1
5110784	593117.TGAM_2038	173.13689647951097	27
5110300	593117.TGAM_1554	5636.685676007665	243
5110783	593117.TGAM_2037	826.5936036904357	139
5110299	593117.TGAM_1553	147.29440586084854	27
5110298	593117.TGAM_1552	4526.65602217945	540
5110782	593117.TGAM_2036	1242.617468962217	215
5110297	593117.TGAM_1551	15.225843432030707	4
5110781	593117.TGAM_2035	515.8648862873437	86
5110109	593117.TGAM_1363	219.50905468221885	123
5110303	593117.TGAM_1557	3.0141128496702154	1
5110302	593117.TGAM_1556	527.235532757531	130
5110301	593117.TGAM_1555	221.7729511793282	28
5110785	593117.TGAM_2039	1056.5645463631888	229
5110106	593117.TGAM_1360	4.423437978472125	2
5109896	593117.TGAM_1150	880.485573166564	312
5110518	593117.TGAM_1772	1271.1749230018524	746
5110517	593117.TGAM_1771	6770.450889033178	2347
5109900	593117.TGAM_1154	3.662711796411322	1
5110523	593117.TGAM_1777	20.603900479225363	2
5109899	593117.TGAM_1153	4.788965495444571	1
5109898	593117.TGAM_1152	23211.742275359375	4031
5110522	593117.TGAM_1776	836.1741215043797	200
5109897	593117.TGAM_1151	8.600039512079238	2
5110521	593117.TGAM_1775	1015.9850563860006	342
5109892	593117.TGAM_1146	233.17070271663715	45
5110718	593117.TGAM_1972	46.420658557936314	11
5109893	593117.TGAM_1147	219.34168964440553	31
5110721	593117.TGAM_1975	510.9758862214374	71
5110526	593117.TGAM_1780	3959.0590017657432	165
5110722	593117.TGAM_1976	62.5220568342776	1
5110527	593117.TGAM_1781	1110.3469130752296	124
5109894	593117.TGAM_1148	4085.6364314630164	849
5110720	593117.TGAM_1974	2503.1032380200636	115
5109895	593117.TGAM_1149	737.1946703129535	178
5110786	593117.TGAM_2040	46.43327795056371	4
5110725	593117.TGAM_1979	585.1633346460126	196
5110787	593117.TGAM_2041	265.4854087590579	32
5110102	593117.TGAM_1356	740.876015569741	105
5110723	593117.TGAM_1977	110.0765825668208	7
5110724	593117.TGAM_1978	1225.3975723668004	147
5110790	593117.TGAM_2044	388.00588436524	114
5110791	593117.TGAM_2045	6.553850923971	2
5110788	593117.TGAM_2042	3045.9006639432896	503
5110103	593117.TGAM_1357	449.2111833394627	58
5110789	593117.TGAM_2043	53.377993428129194	9
5110793	593117.TGAM_2047	37.95156514696211	5
5110287	593117.TGAM_1541	34.00718083838795	5
5110515	593117.TGAM_1769	462.5844656205671	64
5110792	593117.TGAM_2046	3.939056592740824	1
5110514	593117.TGAM_1768	441.76194987539685	50
5110289	593117.TGAM_1543	12.801596566717576	8
5110795	593117.TGAM_2049	382.0592556573189	78
5110288	593117.TGAM_1542	308.2718185199539	125
5110291	593117.TGAM_1545	55.05971505166152	14
5110290	593117.TGAM_1544	14.403572253178996	1
5110098	593117.TGAM_1352	854.9117045000215	275
5110293	593117.TGAM_1547	266.9199477886059	52
5110097	593117.TGAM_1351	962.8093312803057	308
5110295	593117.TGAM_1549	695.0142519652481	236
5110506	593117.TGAM_1760	730.794858244148	144
5110294	593117.TGAM_1548	317.5285822655857	76
5110509	593117.TGAM_1763	184.72849979775162	16
5109906	593117.TGAM_1160	2.6113004645234152	1
5110508	593117.TGAM_1762	334.4444820919226	61
5109909	593117.TGAM_1163	186.01110054026947	32
5110511	593117.TGAM_1765	199.08023656678571	36
5110510	593117.TGAM_1764	16.97057259459763	6
5109908	593117.TGAM_1162	670.6092719170201	67
5110513	593117.TGAM_1767	9.401104632567025	2
5109911	593117.TGAM_1165	63.366445535737654	12
5109910	593117.TGAM_1164	476.8780232819183	41
5110512	593117.TGAM_1766	77.14777945716196	7
5109901	593117.TGAM_1155	6.848463023499484	1
5110706	593117.TGAM_1960	134.36030433794036	29
5110707	593117.TGAM_1961	210.48947910464182	6
5110708	593117.TGAM_1962	359.0139725736095	19
5110709	593117.TGAM_1963	2192.585753378512	150
5110710	593117.TGAM_1964	2469.4666428099517	161
5110711	593117.TGAM_1965	1278.5556495424942	89
5110516	593117.TGAM_1770	342.0499898751633	58
5110712	593117.TGAM_1966	1218.6267691868986	125
5110088	593117.TGAM_1342	62.99356496700713	10
5110089	593117.TGAM_1343	58.8658516538552	20
5110713	593117.TGAM_1967	3054.3830476023463	184
5110797	593117.TGAM_2051	41.39138968793264	4
5110714	593117.TGAM_1968	785.7201517425694	58
5110090	593117.TGAM_1344	103.85926512341612	13
5110798	593117.TGAM_2052	1176.2009902480997	144
5110715	593117.TGAM_1969	5057.912676717553	385
5110092	593117.TGAM_1346	684.5734234941241	112
5110800	593117.TGAM_2054	15.044419901929842	3
5110801	593117.TGAM_2055	11.446270653605668	2
5110802	593117.TGAM_2056	22.63773362926451	4
5110296	593117.TGAM_1550	310.9426022646419	101
5110457	593117.TGAM_1711	395.2900271071893	117
5109605	593117.TGAM_0859	96.55579863015394	14
5110456	593117.TGAM_1710	161.88975831953883	11
5109602	593117.TGAM_0856	470.33262831473735	79
5109601	593117.TGAM_0855	1069.7303830999083	15
5110765	593117.TGAM_2019	18.267309464994433	1
5109597	593117.TGAM_0851	0.9937284525004514	1
5110087	593117.TGAM_1341	26.815782170686642	5
5109600	593117.TGAM_0854	35.820237371318264	8
5110764	593117.TGAM_2018	9.10729330843253	1
5109599	593117.TGAM_0853	945.4614624432284	67
5110464	593117.TGAM_1718	482.03938575335366	186
5108836	593117.TGAM_0089	38.71473698212772	6
5110761	593117.TGAM_2015	2093.1675225756035	432
5110462	593117.TGAM_1716	271.94636220077524	52
5110762	593117.TGAM_2016	168.2363004506102	15
5110459	593117.TGAM_1713	113.18441679359692	45
5110460	593117.TGAM_1714	115.04379392542282	17
5110760	593117.TGAM_2014	1524.5591398793738	176
5110769	593117.TGAM_2023	26.673425570364778	3
5108843	593117.TGAM_0096	3875.8348753537543	348
5110083	593117.TGAM_1337	44.141501600657755	27
5110768	593117.TGAM_2022	918.4005974045331	122
5108844	593117.TGAM_0097	17.553497778704603	4
5110082	593117.TGAM_1336	73.90260653095717	12
5110081	593117.TGAM_1335	196.96953654149834	20
5108845	593117.TGAM_0098	14.253643831510006	2
5110766	593117.TGAM_2020	72.91799934143759	13
5108838	593117.TGAM_0091	223.98288314912114	50
5110079	593117.TGAM_1333	19.939026034624842	10
5110078	593117.TGAM_1332	70.0279195647642	3
5110745	593117.TGAM_1999	400.64282372388266	26
5110077	593117.TGAM_1331	1197.686416800662	319
5110744	593117.TGAM_1998	462.0749836411369	35
5110743	593117.TGAM_1997	3029.2343510411247	340
5110742	593117.TGAM_1996	228.18109385154494	8
5110741	593117.TGAM_1995	439.85376826832777	33
5110739	593117.TGAM_1993	3902.801470674358	221
5110738	593117.TGAM_1992	619.3578632697112	46
5110737	593117.TGAM_1991	1111.3414532978852	68
5110446	593117.TGAM_1700	1262.532261171357	365
5110447	593117.TGAM_1701	977.233868131785	170
5110736	593117.TGAM_1990	970.9299774214438	148
5109614	593117.TGAM_0868	266.88482824092114	31
5109612	593117.TGAM_0866	24.04169295432782	6
5110452	593117.TGAM_1706	22.298439438827916	5
5109611	593117.TGAM_0865	409.3567690645898	22
5109610	593117.TGAM_0864	25.103393163691468	8
5110453	593117.TGAM_1707	112.40103316816878	29
5110076	593117.TGAM_1330	15.923096152610231	3
5109608	593117.TGAM_0862	3912.638965853945	341
5110455	593117.TGAM_1709	90.25912775620857	14
5110770	593117.TGAM_2024	52.67522328692088	33
5109607	593117.TGAM_0861	3444.81348094298	841
5110449	593117.TGAM_1703	40.28662443617774	7
5108826	593117.TGAM_0079	91.01850721061294	9
5110771	593117.TGAM_2025	978.8908391208004	125
5109606	593117.TGAM_0860	100.13318321705152	19
5110772	593117.TGAM_2026	1194.5068656495682	379
5110451	593117.TGAM_1705	188.8395103730534	93
5108824	593117.TGAM_0077	2142.6589151325743	580
5110773	593117.TGAM_2027	666.5926257347178	47
5110071	593117.TGAM_1325	41.09097144917601	7
5110778	593117.TGAM_2032	200.5274921676893	37
5110777	593117.TGAM_2031	204.5448004566596	38
5108834	593117.TGAM_0087	133.99820974537656	11
5110073	593117.TGAM_1327	56.38677735870152	10
5110780	593117.TGAM_2034	1341.7351153956813	107
5110779	593117.TGAM_2033	3.4532222168755915	1
5108832	593117.TGAM_0085	931.5718245930019	192
5110067	593117.TGAM_1321	246.05419333485912	62
5108829	593117.TGAM_0082	3.2280149444667225	1
5110735	593117.TGAM_1989	830.3120406287908	59
5110734	593117.TGAM_1988	520.4644521092999	6
5110066	593117.TGAM_1320	2.7682453838367844	1
5108827	593117.TGAM_0080	0.9501818759574747	1
5110069	593117.TGAM_1323	16.404877540138784	3
5110776	593117.TGAM_2030	3781.5595078946226	553
5110068	593117.TGAM_1322	4165.905434369456	1051
5110731	593117.TGAM_1985	790.56530047319	42
5110730	593117.TGAM_1984	164.0008088839036	10
5110733	593117.TGAM_1987	583.502478349937	54
5110732	593117.TGAM_1986	1237.5792582896893	135
5110075	593117.TGAM_1329	119.12062482052785	18
5110727	593117.TGAM_1981	9876.039485965284	466
5110726	593117.TGAM_1980	65.17066394592977	10
5110729	593117.TGAM_1983	3338.3230682153767	332
5110728	593117.TGAM_1982	3857.7742328407458	637
5109624	593117.TGAM_0878	305.3838999684597	18
5109939	593117.TGAM_1193	82.03994805744266	8
5110476	593117.TGAM_1730	13.228512454618826	3
5109623	593117.TGAM_0877	55.27897896745293	6
5109940	593117.TGAM_1194	45.160976043032015	5
5110825	593117.TGAM_2079	27.38523225720185	6
5109625	593117.TGAM_0879	16.744758920172888	2
5109938	593117.TGAM_1192	27.513720998527575	3
5109943	593117.TGAM_1197	82.2271427657067	5
5110479	593117.TGAM_1733	85.83293040967335	5
5110480	593117.TGAM_1734	2.4461506227541894	1
5109944	593117.TGAM_1198	33.31662435529603	6
5110477	593117.TGAM_1731	10.995514224437324	2
5109347	593117.TGAM_0601	92.2119377140037	22
5109941	593117.TGAM_1195	2815.589910951932	211
5109346	593117.TGAM_0600	393.59102477111924	108
5109942	593117.TGAM_1196	316.42795623688255	23
5110478	593117.TGAM_1732	3166.512023887325	927
5108814	593117.TGAM_0067	48.1560479656526	8
5109616	593117.TGAM_0870	51.57215320344551	23
5110483	593117.TGAM_1737	2984.5478549354348	1142
5109349	593117.TGAM_0603	104.16688492061539	106
5110343	593117.TGAM_1597	95.1456504139942	16
5110484	593117.TGAM_1738	2814.569469721047	143
5110344	593117.TGAM_1598	259.77226392260945	55
5108813	593117.TGAM_0066	212.090537302697	35
5109351	593117.TGAM_0605	13.533748960035137	2
5108816	593117.TGAM_0069	301.5109184663447	38
5110481	593117.TGAM_1735	1557.0666888561568	139
5110341	593117.TGAM_1595	53.672483646473154	7
5110342	593117.TGAM_1596	94.58540859242503	11
5109350	593117.TGAM_0604	10.020024420730772	3
5108815	593117.TGAM_0068	81.09905903074895	17
5110482	593117.TGAM_1736	1183.3428899869987	242
5109617	593117.TGAM_0871	172.92901089118703	26
5109353	593117.TGAM_0607	103.05444216424574	17
5109620	593117.TGAM_0874	30.838763267599933	7
5109619	593117.TGAM_0873	35.38608839889798	11
5109352	593117.TGAM_0606	96.33120613829853	28
5109355	593117.TGAM_0609	2.051324057612318	1
5109622	593117.TGAM_0876	5091.706885461936	2310
5109621	593117.TGAM_0875	22.298987675104318	6
5109354	593117.TGAM_0608	801.6436907352928	184
5110058	593117.TGAM_1312	117.01018466900075	12
5110057	593117.TGAM_1311	109.34239241857452	21
5108817	593117.TGAM_0070	395.1017668144439	76
5110056	593117.TGAM_1310	18.27692720041899	1
5108819	593117.TGAM_0072	24.648626085864702	5
5110747	593117.TGAM_2001	2649.4814020272197	67
5108820	593117.TGAM_0073	334.16092579730326	74
5110061	593117.TGAM_1315	15.16676807823172	2
5110746	593117.TGAM_2000	1058.5051562461942	103
5110060	593117.TGAM_1314	13.267513643382548	4
5108822	593117.TGAM_0075	15.78159654491279	1
5110059	593117.TGAM_1313	130.84555923537746	39
5110065	593117.TGAM_1319	108.66118395076192	14
5110828	593117.TGAM_2082	5348.588519076629	1462
5110064	593117.TGAM_1318	123.67855566653792	42
5110829	593117.TGAM_2083	746.2882859297188	46
5109934	593117.TGAM_1188	76.16252714000044	9
5110063	593117.TGAM_1317	66.55333335361088	23
5110834	593117.TGAM_2088	119.45446058632255	19
5110835	593117.TGAM_2089	116.94768766449086	11
5110832	593117.TGAM_2086	116.47886969123716	9
5110833	593117.TGAM_2087	13.201413389244548	3
5110466	593117.TGAM_1720	33.347775203046524	16
5110467	593117.TGAM_1721	200.1587098728379	30
5110468	593117.TGAM_1722	624.5382555216406	366
5110330	593117.TGAM_1584	39.930480298757956	6
5110748	593117.TGAM_2002	822.4921349524864	118
5110471	593117.TGAM_1725	1147.3608823050608	181
5110749	593117.TGAM_2003	310.73169392839026	83
5110332	593117.TGAM_1586	14.690022728348252	3
5110472	593117.TGAM_1726	463.802461812255	85
5110751	593117.TGAM_2005	106.09903658564575	28
5108802	593117.TGAM_0055	312.2116499172809	44
5110752	593117.TGAM_2006	1.3431990842376738	1
5110474	593117.TGAM_1728	65.16502015830974	19
5110334	593117.TGAM_1588	146.95105569709972	19
5110475	593117.TGAM_1729	112.72365743858387	19
5110335	593117.TGAM_1589	217.33594751228048	30
5108807	593117.TGAM_0060	8.656647567780421	2
5110047	593117.TGAM_1301	86.50232058604144	22
5110046	593117.TGAM_1300	1107.7887834022004	922
5110338	593117.TGAM_1592	6.5822926949094684	1
5110049	593117.TGAM_1303	224.9449315163546	50
5110756	593117.TGAM_2010	1208.560873157654	72
5108811	593117.TGAM_0064	101.42419886815267	9
5108812	593117.TGAM_0065	781.0194802948736	353
5110048	593117.TGAM_1302	1257.4909078224975	129
5110758	593117.TGAM_2012	7130.075710712089	1469
5110051	593117.TGAM_1305	991.9709849835659	215
5110837	593117.TGAM_2091	60.888440859563865	3
5110757	593117.TGAM_2011	17.604051021150013	3
5110053	593117.TGAM_1307	544.6195432344022	30
5109945	593117.TGAM_1199	950.0488247800062	219
5110841	593117.TGAM_2095	10.325269192002562	3
5110054	593117.TGAM_1308	7.2187889678151755	3
5110845	593117.TGAM_2099	831.2193254539436	147
5110439	593117.TGAM_1693	707.9455694536318	109
5110435	593117.TGAM_1689	430.60140808322035	224
5110434	593117.TGAM_1688	26.68332564399328	3
5110431	593117.TGAM_1685	747.112058799492	209
5110429	593117.TGAM_1683	1517.1601200549555	51
5110430	593117.TGAM_1684	5672.122279260323	22
5110444	593117.TGAM_1698	4.162235848495285	1
5110445	593117.TGAM_1699	7.085341653209129	2
5110441	593117.TGAM_1695	33.368923654197815	12
5110442	593117.TGAM_1696	218.0474420342987	64
5110443	593117.TGAM_1697	263.1161161749411	45
5110417	593117.TGAM_1671	5.049580446174859	1
5110416	593117.TGAM_1670	391.61348601774483	77
5110415	593117.TGAM_1669	51.03022167662302	15
5110149	593117.TGAM_1403	2.086139952090888	1
5110150	593117.TGAM_1404	336.0742619374736	59
5110147	593117.TGAM_1401	630.477675116005	67
5110148	593117.TGAM_1402	13.538194152854839	3
5110153	593117.TGAM_1407	80.5726153324821	14
5110410	593117.TGAM_1664	14.653309855344713	2
5110407	593117.TGAM_1661	397.76727185403234	123
5110152	593117.TGAM_1406	406.6038574142815	63
5110408	593117.TGAM_1662	1344.1389055131078	685
5110413	593117.TGAM_1667	804.2124757784098	161
5110414	593117.TGAM_1668	131.1494087063032	21
5110412	593117.TGAM_1666	170.73211486021205	9
5110426	593117.TGAM_1680	110.03500139208187	10
5110428	593117.TGAM_1682	302.72532761298305	43
5110156	593117.TGAM_1410	238.33773673955005	49
5110157	593117.TGAM_1411	336.2986918221519	34
5110158	593117.TGAM_1412	9.294694432167015	2
5110160	593117.TGAM_1414	989.9038545485107	205
5110161	593117.TGAM_1415	12.223118712789883	3
5110418	593117.TGAM_1672	259.899720661688	19
5110162	593117.TGAM_1416	210.71615544525903	39
5110164	593117.TGAM_1418	132.63313412145123	38
5110165	593117.TGAM_1419	272.22475166488215	30
5110421	593117.TGAM_1675	7.4298032436662025	2
5110423	593117.TGAM_1677	582.7240277954356	6
5110424	593117.TGAM_1678	20771.42836679557	2682
5110425	593117.TGAM_1679	702.8898584749835	586
5109344	593117.TGAM_0598	70.03907075846102	12
5109345	593117.TGAM_0599	2.0236584399420114	1
5109343	593117.TGAM_0597	35.134314315085525	7
5109340	593117.TGAM_0594	304.61766722779964	55
5109341	593117.TGAM_0595	156.61630287796575	47
5109145	593117.TGAM_0399	38.3057494072843	9
5109142	593117.TGAM_0396	1.4359284942699424	1
5109318	593117.TGAM_0572	71.6445079515443	17
5109319	593117.TGAM_0573	53.05847733529355	5
5109324	593117.TGAM_0578	531.4117534528677	206
5109325	593117.TGAM_0579	898.0255526771826	208
5109323	593117.TGAM_0577	2219.7448090207554	602
5109327	593117.TGAM_0581	108.0810062519563	14
5109124	593117.TGAM_0378	88.2864994846115	29
5109329	593117.TGAM_0583	533.8187119486594	133
5109136	593117.TGAM_0390	154.84292619222347	17
5109331	593117.TGAM_0585	288.6237629299347	42
5109332	593117.TGAM_0586	26.946634737564313	3
5109333	593117.TGAM_0587	37.35327630983484	4
5109334	593117.TGAM_0588	1547.6716056087967	1065
5109141	593117.TGAM_0395	5.9698994175690725	2
5109132	593117.TGAM_0386	4.577699588888467	2
5109131	593117.TGAM_0385	7.809096533389061	3
5109134	593117.TGAM_0388	8.148952108977982	1
5109337	593117.TGAM_0591	16.057111483903217	4
5109107	593117.TGAM_0361	1446.985012984222	219
5109106	593117.TGAM_0360	132.55442480533287	20
5109102	593117.TGAM_0356	90.16413647008457	17
5109100	593117.TGAM_0354	45.93439220656414	7
5109099	593117.TGAM_0353	323.2069596653338	39
5109117	593117.TGAM_0371	339.50709815170535	84
5109119	593117.TGAM_0373	46.02653970395441	8
5109118	593117.TGAM_0372	9.852412314563125	3
5109115	593117.TGAM_0369	79.65399816661281	26
5109109	593117.TGAM_0363	27.19382738030735	4
5109110	593117.TGAM_0364	1258.7817429943238	336
5109111	593117.TGAM_0365	66.51969438642814	28
5109078	593117.TGAM_0332	2833.998042572356	683
5109079	593117.TGAM_0333	1856.0881979108144	630
5109076	593117.TGAM_0330	10.310099174005652	2
5109077	593117.TGAM_0331	28667.062723129206	14096
5109080	593117.TGAM_0334	2441.1633197690767	524
5109081	593117.TGAM_0335	2486.1602890152158	560
5109084	593117.TGAM_0338	132.46349169508616	31
5109085	593117.TGAM_0339	3.847266423931408	2
5109096	593117.TGAM_0350	702.5727056023562	174
5109087	593117.TGAM_0341	87.28510966761515	31
5109090	593117.TGAM_0344	39.297851247355744	11
5109091	593117.TGAM_0345	50.93958931538013	9
5109092	593117.TGAM_0346	367.387139641737	34
5109093	593117.TGAM_0347	432.9892661392154	43
5109095	593117.TGAM_0349	94.63530682025386	19
5108849	593117.TGAM_0102	1054.598130074921	169
5109075	593117.TGAM_0329	33.37345133172617	5
5109074	593117.TGAM_0328	106.84501275980162	35
5109073	593117.TGAM_0327	84.03115143714814	6
5108853	593117.TGAM_0106	125.95139862928804	26
5108852	593117.TGAM_0105	9.54968491752877	2
5108851	593117.TGAM_0104	267.33816497320026	36
5108850	593117.TGAM_0103	131.50888875059775	18
5109068	593117.TGAM_0322	59.017024115634335	14
5109067	593117.TGAM_0321	1847.8884384696746	218
5109658	593117.TGAM_0912	647.7522210059337	34
5108856	593117.TGAM_0109	10.406931788116724	2
5109066	593117.TGAM_0320	2994.3367053607576	718
5108855	593117.TGAM_0108	345.8859498294134	58
5108854	593117.TGAM_0107	249.78357881257097	59
5109656	593117.TGAM_0910	81.81588689416172	8
5109663	593117.TGAM_0917	256.55939338541975	85
5109072	593117.TGAM_0326	238.1599728093919	45
5109662	593117.TGAM_0916	130.9167620672584	6
5109071	593117.TGAM_0325	243.07775768683973	33
5109070	593117.TGAM_0324	10.286074553196476	1
5109660	593117.TGAM_0914	196.7721449294952	19
5109069	593117.TGAM_0323	117.20175331093088	11
5109460	593117.TGAM_0714	1573.1672829042166	401
5109461	593117.TGAM_0715	2346.083012743159	129
5109458	593117.TGAM_0712	1782.7319832557466	311
5109665	593117.TGAM_0919	355.8075515435861	22
5109459	593117.TGAM_0713	1920.9607358330038	214
5109464	593117.TGAM_0718	3336.3975739485227	331
5109270	593117.TGAM_0524	158.72689169513876	14
5109465	593117.TGAM_0719	14.23096611843673	3
5109463	593117.TGAM_0717	15.483659533458033	1
5109273	593117.TGAM_0527	35.47132036464742	16
5109271	593117.TGAM_0525	74.05171090908564	7
5109456	593117.TGAM_0710	287.031855311493	109
5109457	593117.TGAM_0711	1174.720616520158	135
5109063	593117.TGAM_0317	3.890032062841813	2
5109666	593117.TGAM_0920	522.091300985714	194
5109667	593117.TGAM_0921	2.4054550908723944	1
5109670	593117.TGAM_0924	23.970578760698523	12
5109057	593117.TGAM_0310	1345.3458135987478	810
5109669	593117.TGAM_0923	2997.7449086148604	445
5109672	593117.TGAM_0926	1090.6592362715712	276
5109060	593117.TGAM_0313	1514.1891010773493	229
5109059	593117.TGAM_0312	32.76198826941685	6
5109671	593117.TGAM_0925	7.499954920138867	2
5109674	593117.TGAM_0928	249.66713821006223	39
5109061	593117.TGAM_0314	207.97898478967903	40
5109673	593117.TGAM_0927	1131.492558787221	235
5109469	593117.TGAM_0723	19.986217546141347	8
5109675	593117.TGAM_0929	129.83845937388983	62
5109470	593117.TGAM_0724	19.360197127840255	4
5109471	593117.TGAM_0725	10.00507534190423	4
5109472	593117.TGAM_0726	410.71640352540015	9
5109256	593117.TGAM_0510	2913.9311239589047	488
5109474	593117.TGAM_0728	2143.733844585427	675
5109257	593117.TGAM_0511	26.24380032094411	5
5109258	593117.TGAM_0512	13.251321252514108	9
5109259	593117.TGAM_0513	3.454938186198663	2
5109260	593117.TGAM_0514	41.72803734336623	7
5109263	593117.TGAM_0517	244.32256355055156	34
5109265	593117.TGAM_0519	8.581048814473172	1
5109466	593117.TGAM_0720	8.320445950391274	2
5109467	593117.TGAM_0721	208.54212357656576	37
5109468	593117.TGAM_0722	470.45821173587643	38
5108875	593117.TGAM_0128	11.794485051289184	3
5108873	593117.TGAM_0126	9.689944560384602	8
5109055	593117.TGAM_0308	46.57824495869262	15
5108870	593117.TGAM_0123	6598.506840306242	1893
5108869	593117.TGAM_0122	48.251717015698006	31
5109053	593117.TGAM_0306	1196.5799519967816	355
5108868	593117.TGAM_0121	228.22484799985716	71
5109047	593117.TGAM_0300	10.683002291932816	13
5108876	593117.TGAM_0129	66.69945717898364	11
5109248	593117.TGAM_0502	214.8813035467122	19
5109246	593117.TGAM_0500	168.77364677314773	4
5108877	593117.TGAM_0130	658.8580920617378	139
5109255	593117.TGAM_0509	81.01028919995288	6
5108878	593117.TGAM_0131	26.022494568675025	3
5109253	593117.TGAM_0507	172.9485759054456	12
5109254	593117.TGAM_0508	100.82143946849094	13
5109251	593117.TGAM_0505	230.49058968751794	34
5109252	593117.TGAM_0506	101.26396484689906	22
5108861	593117.TGAM_0114	802.962209755403	408
5108863	593117.TGAM_0116	4898.875121552137	427
5108857	593117.TGAM_0110	43.613373265350816	17
5108860	593117.TGAM_0113	219.99060554625476	71
5108859	593117.TGAM_0112	112.58339124921632	65
5109649	593117.TGAM_0903	562.8150113035481	47
5109652	593117.TGAM_0906	242.6441745293779	22
5109651	593117.TGAM_0905	1068.6608447848066	123
5109455	593117.TGAM_0709	512.6872978721701	151
5109648	593117.TGAM_0902	32.478612093794936	6
5109451	593117.TGAM_0705	246.00228748956445	21
5109452	593117.TGAM_0706	916.2023116680388	18
5109453	593117.TGAM_0707	982.9609778117715	123
5109454	593117.TGAM_0708	889.5049992035384	89
5109653	593117.TGAM_0907	776.7679337038638	33
5109448	593117.TGAM_0702	426.7419405918339	45
5109654	593117.TGAM_0908	81.3344552490028	28
5109449	593117.TGAM_0703	1547.3805207034309	94
5109655	593117.TGAM_0909	9.950609049591819	2
5109450	593117.TGAM_0704	68.96020433136215	6
5108867	593117.TGAM_0120	2214.7727032833695	353
5109702	593117.TGAM_0956	202.9249136804681	16
5109316	593117.TGAM_0570	417.86070122739136	50
5109317	593117.TGAM_0571	28.72643721603529	4
5110557	593117.TGAM_1811	114.05192267764386	22
5110556	593117.TGAM_1810	314.66216156771395	63
5109705	593117.TGAM_0959	295.1337642342715	68
5108892	593117.TGAM_0145	73.61595216566396	7
5110559	593117.TGAM_1813	55.39372122520972	2
5108893	593117.TGAM_0146	1122.5207626022284	532
5110022	593117.TGAM_1276	39.16763164745823	6
5110558	593117.TGAM_1812	48.51765740326362	5
5108890	593117.TGAM_0143	605.5405686269486	77
5110561	593117.TGAM_1815	119.25077713470954	6
5110025	593117.TGAM_1279	6.074123726945819	2
5108891	593117.TGAM_0144	277.7649343792783	84
5110560	593117.TGAM_1814	259.59546847195116	27
5110024	593117.TGAM_1278	6.756273501366028	2
5108896	593117.TGAM_0149	153.47488598535236	31
5110563	593117.TGAM_1817	337.13734674140693	19
5109698	593117.TGAM_0952	610.8341029907148	102
5109699	593117.TGAM_0953	295.0563333451326	75
5110562	593117.TGAM_1816	2569.8362637561527	1360
5108894	593117.TGAM_0147	3101.068887749732	987
5109696	593117.TGAM_0950	4.913057995537567	1
5110564	593117.TGAM_1818	83.49711104708211	37
5108895	593117.TGAM_0148	624.7977129616816	86
5109697	593117.TGAM_0951	11.390513768560101	3
5110028	593117.TGAM_1282	54.137801536016894	9
5109315	593117.TGAM_0569	172.49624593785003	31
5108900	593117.TGAM_0153	37.516516645185966	10
5108899	593117.TGAM_0152	3.3762828112475014	1
5108898	593117.TGAM_0151	204.4975727032235	48
5110031	593117.TGAM_1285	17.8266715833685	2
5108897	593117.TGAM_0150	34.44441743515197	14
5110032	593117.TGAM_1286	2467.2309308792574	581
5109310	593117.TGAM_0564	13.383335047168186	2
5109309	593117.TGAM_0563	15.576470809894797	1
5109308	593117.TGAM_0562	6.728661253512017	1
5109314	593117.TGAM_0568	82.2910024950922	15
5109313	593117.TGAM_0567	17.370544518794258	2
5109312	593117.TGAM_0566	406.11191215850164	47
5109311	593117.TGAM_0565	143.07338805810124	28
5109712	593117.TGAM_0966	1.779026483631969	1
5110546	593117.TGAM_1800	243.90526373580016	23
5108879	593117.TGAM_0132	548.6037211105704	45
5108880	593117.TGAM_0133	786.1617127327098	124
5108881	593117.TGAM_0134	55.42748941182529	16
5108882	593117.TGAM_0135	1081.7364284876223	196
5109706	593117.TGAM_0960	36.056893120305546	7
5109707	593117.TGAM_0961	713.2383326948641	141
5108884	593117.TGAM_0137	211.30809520379128	73
5109708	593117.TGAM_0962	1196.862157772727	466
5108885	593117.TGAM_0138	30.066782371601718	4
5109709	593117.TGAM_0963	154.52523711242313	42
5110551	593117.TGAM_1805	466.66064954282507	43
5108886	593117.TGAM_0139	182.5020706911184	41
5109304	593117.TGAM_0558	22.57091046212772	2
5110555	593117.TGAM_1809	623.7565034962465	158
5108887	593117.TGAM_0140	301.35295045641163	7
5110020	593117.TGAM_1274	17.468492412326796	2
5110021	593117.TGAM_1275	32.05905615179991	2
5108889	593117.TGAM_0142	1124.82064633179	69
5110018	593117.TGAM_1272	35.793942044015104	18
5108888	593117.TGAM_0141	738.1843472812054	320
5109297	593117.TGAM_0551	17.492215679433464	1
5109296	593117.TGAM_0550	223.5141705188813	26
5109299	593117.TGAM_0553	29.12165059532101	2
5109298	593117.TGAM_0552	1112.8190703997852	76
5109301	593117.TGAM_0555	202.5800799661392	84
5109300	593117.TGAM_0554	81.18270965552279	4
5109303	593117.TGAM_0557	240.91143271291384	22
5109302	593117.TGAM_0556	256.9640841175166	56
5109685	593117.TGAM_0939	38.953569987094156	3
5109751	593117.TGAM_1005	144.34894395909546	13
5109682	593117.TGAM_0936	599.4673665649304	261
5109754	593117.TGAM_1008	1144.6156012919248	465
5109753	593117.TGAM_1007	44.009234971532116	15
5109683	593117.TGAM_0937	328.6165807891792	268
5109680	593117.TGAM_0934	36.38490561007703	4
5109748	593117.TGAM_1002	80.94900194255428	17
5109747	593117.TGAM_1001	116.87326779616839	19
5109681	593117.TGAM_0935	3.6298215132607243	2
5109750	593117.TGAM_1004	22.925168142118036	3
5109679	593117.TGAM_0933	1226.5825808846307	100
5109749	593117.TGAM_1003	910.5292286772194	38
5108916	593117.TGAM_0169	2368.4410999578654	254
5108914	593117.TGAM_0167	428.9842660347433	63
5108915	593117.TGAM_0168	685.3315645600841	82
5110044	593117.TGAM_1298	6.646664564534064	1
5109755	593117.TGAM_1009	132.24249774351935	25
5108912	593117.TGAM_0165	241.2603434349882	23
5108913	593117.TGAM_0166	263.4425010593233	18
5108921	593117.TGAM_0174	264.82776091808665	39
5108920	593117.TGAM_0173	72.86740230911956	15
5108919	593117.TGAM_0172	135.48406562772317	29
5109293	593117.TGAM_0547	365.79770374074263	40
5109292	593117.TGAM_0546	6.898195307029362	2
5109290	593117.TGAM_0544	13.603201195636075	2
5109289	593117.TGAM_0543	128.03701940497686	25
5109757	593117.TGAM_1011	158.1129537500818	26
5109288	593117.TGAM_0542	109.78395137301897	16
5109286	593117.TGAM_0540	11.855797243656657	2
5109764	593117.TGAM_1018	25.803684904911673	4
5109694	593117.TGAM_0948	40.35086510467995	2
5109695	593117.TGAM_0949	14.823745684873561	2
5109762	593117.TGAM_1016	62.1253443282377	18
5109690	593117.TGAM_0944	73.37639041929361	7
5109759	593117.TGAM_1013	15.887013508232338	3
5109691	593117.TGAM_0945	1.3714129295990505	1
5109758	593117.TGAM_1012	2957.31503675219	1548
5108905	593117.TGAM_0158	93.36156570544911	20
5108906	593117.TGAM_0159	4354.059483043579	1923
5109686	593117.TGAM_0940	31.80850865697739	5
5109687	593117.TGAM_0941	31.636333891423764	3
5109688	593117.TGAM_0942	31.173694060757903	12
5108901	593117.TGAM_0154	24.771600038893837	4
5110035	593117.TGAM_1289	12.583488316770834	2
5108902	593117.TGAM_0155	147.54116170254343	23
5108903	593117.TGAM_0156	98.82970615876808	44
5110034	593117.TGAM_1288	3116.1041922733257	407
5108909	593117.TGAM_0162	18.11045280027797	2
5110042	593117.TGAM_1296	121.3593881970662	39
5108908	593117.TGAM_0161	3.4869851870417596	2
5110038	593117.TGAM_1292	242.30717917401162	47
5108907	593117.TGAM_0160	10.115148553321257	2
5110037	593117.TGAM_1291	59.41749564584672	7
5109768	593117.TGAM_1022	4.935821843333046	1
5109281	593117.TGAM_0535	6.7653120879961115	3
5109280	593117.TGAM_0534	642.9622814267674	136
5109766	593117.TGAM_1020	6.372328080487338	2
5109276	593117.TGAM_0530	261.5855181932891	91
5110399	593117.TGAM_1653	45.54273069804139	7
5110398	593117.TGAM_1652	83.06597951778564	29
5110185	593117.TGAM_1439	888.0902123578662	185
5110397	593117.TGAM_1651	146.31952359428993	19
5110396	593117.TGAM_1650	206.94420663952303	22
5110403	593117.TGAM_1657	137.71078991416587	34
5110402	593117.TGAM_1656	802.6855428273441	123
5109778	593117.TGAM_1032	11.3903752280034	4
5110401	593117.TGAM_1655	60.041922976781905	24
5109777	593117.TGAM_1031	134.95179162128304	17
5109776	593117.TGAM_1030	126.53552435580933	19
5108937	593117.TGAM_0190	177.14427338364106	25
5110179	593117.TGAM_1433	148.98090917067648	28
5108938	593117.TGAM_0191	12.345247277255922	2
5110178	593117.TGAM_1432	29.83600630461903	4
5109539	593117.TGAM_0793	5.970548277140089	1
5110177	593117.TGAM_1431	72.4756736070881	7
5108939	593117.TGAM_0192	32.66567128578593	4
5110405	593117.TGAM_1659	31.95902779639136	4
5109540	593117.TGAM_0794	33.27873476610838	14
5108940	593117.TGAM_0193	1050.8477460801075	177
5110176	593117.TGAM_1430	527.6194907047992	59
5110404	593117.TGAM_1658	18.248995963921935	3
5110183	593117.TGAM_1437	397.0967512478005	90
5108941	593117.TGAM_0194	14.410067487354185	2
5110182	593117.TGAM_1436	175.23348138738825	38
5109987	593117.TGAM_1241	3.8781601521017666	1
5109543	593117.TGAM_0797	36.47709220980175	8
5108943	593117.TGAM_0196	36.95116759764706	4
5110181	593117.TGAM_1435	5482.297942106691	1130
5109545	593117.TGAM_0799	4.368121488525106	3
5110180	593117.TGAM_1434	17.070661989133068	11
5108935	593117.TGAM_0188	16.88737634948997	20
5110604	593117.TGAM_1858	7.6296476222426435	2
5108934	593117.TGAM_0187	166.4364980248153	26
5108936	593117.TGAM_0189	11.737388841570219	2
5109738	593117.TGAM_0992	491.72095260553783	74
5109984	593117.TGAM_1238	12.875407720769722	2
5109741	593117.TGAM_0995	41.97806400932378	3
5109740	593117.TGAM_0994	146.06907223696675	67
5110186	593117.TGAM_1440	3681.7612505211137	342
5109743	593117.TGAM_0997	64.59827680119618	12
5109742	593117.TGAM_0996	175.5966833100525	45
5109745	593117.TGAM_0999	83.55333991049864	3
5109744	593117.TGAM_0998	102.76801525167497	27
5109769	593117.TGAM_1023	22.17382750649489	7
5110600	593117.TGAM_1854	10.533182335419193	2
5109775	593117.TGAM_1029	4.163462835942096	1
5110406	593117.TGAM_1660	179.1098937931445	42
5110601	593117.TGAM_1855	5.315366177907408	2
5109773	593117.TGAM_1027	8.284197725618402	3
5110386	593117.TGAM_1640	813.5242799578048	198
5109786	593117.TGAM_1040	5.724586015201649	2
5110387	593117.TGAM_1641	408.49989314566056	122
5109788	593117.TGAM_1042	24.83455312497451	1
5110390	593117.TGAM_1644	12.865030789517634	3
5109787	593117.TGAM_1041	37.11819148601524	5
5110389	593117.TGAM_1643	88.09130392292201	9
5109790	593117.TGAM_1044	1748.0686543630788	1075
5110392	593117.TGAM_1646	3258.5134197815814	366
5109789	593117.TGAM_1043	14215.15419156373	6885
5110394	593117.TGAM_1648	112.91347898084508	10
5108929	593117.TGAM_0182	787.9480428568799	259
5110168	593117.TGAM_1422	507.6612247070316	66
5108927	593117.TGAM_0180	1611.0629320763983	450
5110167	593117.TGAM_1421	21.97683456505777	5
5110395	593117.TGAM_1649	11.477000557621322	4
5110170	593117.TGAM_1424	10.424972202504305	1
5108933	593117.TGAM_0186	1809.9579710351127	502
5110169	593117.TGAM_1423	4.784169805104405	1
5108930	593117.TGAM_0183	108.57200328664386	9
5110172	593117.TGAM_1426	50.158384285298894	11
5109977	593117.TGAM_1231	6.295402906491463	2
5110171	593117.TGAM_1425	69.50703752346293	26
5108931	593117.TGAM_0184	106.65213777577969	6
5109967	593117.TGAM_1221	9.921707967562574	2
5108926	593117.TGAM_0179	17409.342251192218	5337
5110591	593117.TGAM_1845	34.51589187412353	3
5110592	593117.TGAM_1846	236.2189383842351	23
5110593	593117.TGAM_1847	405.33157372532474	51
5109969	593117.TGAM_1223	173.37688488848565	35
5108924	593117.TGAM_0177	13.646794776837933	1
5108923	593117.TGAM_0176	1118.757923007058	147
5110594	593117.TGAM_1848	4628.788383899468	1091
5110595	593117.TGAM_1849	270.31459023148545	124
5109780	593117.TGAM_1034	1.9167841750136532	1
5109975	593117.TGAM_1229	42.1866095762549	15
5109781	593117.TGAM_1035	4217.978295192547	324
5109782	593117.TGAM_1036	451.0235977841568	130
5110587	593117.TGAM_1841	1262.4236506361012	283
5109784	593117.TGAM_1038	773.846902149964	401
5110588	593117.TGAM_1842	39.767104677056786	8
5110589	593117.TGAM_1843	280.53999867084207	18
5110590	593117.TGAM_1844	10.05131862393712	1
5109801	593117.TGAM_1055	934.7243150186499	72
5110381	593117.TGAM_1635	111.87630953812294	20
5110380	593117.TGAM_1634	949.0904647773114	55
5109800	593117.TGAM_1054	25443.06357912406	6508
5110379	593117.TGAM_1633	827.7716629893557	171
5109799	593117.TGAM_1053	15.181698693258408	6
5109798	593117.TGAM_1052	1.4687986678643434	1
5109797	593117.TGAM_1051	777.3575660889493	233
5110377	593117.TGAM_1631	2861.990431502713	519
5109796	593117.TGAM_1050	930.3735168175758	330
5109525	593117.TGAM_0779	35.667006642040064	5
5109520	593117.TGAM_0774	412.6726251824496	153
5109521	593117.TGAM_0775	103.35078213550521	20
5110203	593117.TGAM_1457	179.73722595999237	13
5110202	593117.TGAM_1456	75.84564022425113	10
5110201	593117.TGAM_1455	235.2474440740726	113
5109516	593117.TGAM_0770	3.849137259803348	1
5110385	593117.TGAM_1639	16.532609399689505	1
5110384	593117.TGAM_1638	503.31699205569237	97
5110200	593117.TGAM_1454	92.65430113759037	23
5110383	593117.TGAM_1637	2487.120158764183	492
5109518	593117.TGAM_0772	117.84799338672067	15
5109519	593117.TGAM_0773	252.37014854853584	45
5110382	593117.TGAM_1636	7.270992244431483	3
5109718	593117.TGAM_0972	20.851367038041325	5
5110004	593117.TGAM_1258	9.677979642255638	1
5110584	593117.TGAM_1838	2974.874018869727	572
5110585	593117.TGAM_1839	184.5578587914105	13
5110206	593117.TGAM_1460	189.55701979872046	139
5109720	593117.TGAM_0974	6.796440377682659	4
5110003	593117.TGAM_1257	200.32860638871765	24
5110583	593117.TGAM_1837	17.596850758302928	2
5110000	593117.TGAM_1254	4.139919632804608	1
5110580	593117.TGAM_1834	676.3395493319686	128
5110581	593117.TGAM_1835	12.151970151667246	20
5109716	593117.TGAM_0970	5.7479566702416385	15
5110001	593117.TGAM_1255	9.973337284437186	2
5110578	593117.TGAM_1832	872.7847622040837	437
5109795	593117.TGAM_1049	70.44210892187664	4
5110577	593117.TGAM_1831	104.12373156800453	13
5109794	593117.TGAM_1048	238.52011431743122	19
5109791	593117.TGAM_1045	23.067103153039053	3
5109725	593117.TGAM_0979	4.161465632661973	2
5109792	593117.TGAM_1046	1650.3980001277462	299
5109724	593117.TGAM_0978	2.8108494395298003	1
5110370	593117.TGAM_1624	314.99306946566986	145
5110369	593117.TGAM_1623	29.217572976921176	24
5109811	593117.TGAM_1065	67.6716719389041	9
5109806	593117.TGAM_1060	17.150681713411885	2
5110195	593117.TGAM_1449	14.461614649207014	1
5109535	593117.TGAM_0789	109.05902971531053	10
5109533	593117.TGAM_0787	37.47605824383618	8
5110192	593117.TGAM_1446	19.512237584691558	4
5110191	593117.TGAM_1445	48.925471931897306	15
5109999	593117.TGAM_1253	976.30340948139	180
5110194	593117.TGAM_1448	17.435634303050225	2
5110193	593117.TGAM_1447	21.56285455527248	6
5110372	593117.TGAM_1626	2.469869126527152	1
5110187	593117.TGAM_1441	367.98233412745077	31
5109530	593117.TGAM_0784	199.1036055448406	19
5110373	593117.TGAM_1627	786.7540670815335	459
5109732	593117.TGAM_0986	27.000832014165947	2
5109537	593117.TGAM_0791	81.12465874897308	11
5110573	593117.TGAM_1827	28.863031292709184	11
5109536	593117.TGAM_0790	670.6781565093667	95
5110574	593117.TGAM_1828	342.01609685107957	76
5109994	593117.TGAM_1248	40.19509822468773	4
5110196	593117.TGAM_1450	278.16054507983836	38
5109730	593117.TGAM_0984	111.96534838848775	17
5109729	593117.TGAM_0983	9.391815349214065	1
5110569	593117.TGAM_1823	55540.91978517922	5146
5109727	593117.TGAM_0981	27.09570792936006	11
5110571	593117.TGAM_1825	82.17268108685408	28
5109726	593117.TGAM_0980	381.72592996649377	211
5108946	593117.TGAM_0199	680.9908675961685	122
5110572	593117.TGAM_1826	534.8888294071327	118
5108945	593117.TGAM_0198	152.46099550015998	44
5110567	593117.TGAM_1821	163.81004421145713	18
5110568	593117.TGAM_1822	43123.882561609695	9441
5109802	593117.TGAM_1056	3997.554467171069	1323
5109803	593117.TGAM_1057	20.532358649754247	2
5109734	593117.TGAM_0988	35.17593077724366	4
5109733	593117.TGAM_0987	122.52573766276656	36
5109805	593117.TGAM_1059	78.97953352838907	7
5110222	593117.TGAM_1476	2.875644434232996	1
5110362	593117.TGAM_1616	107.5081513064219	17
5110223	593117.TGAM_1477	4.205500272354805	1
5110360	593117.TGAM_1614	22.099101633361755	5
5109497	593117.TGAM_0751	6.514319586269158	2
5110361	593117.TGAM_1615	6.147709730749478	2
5110221	593117.TGAM_1475	10.357556350084948	2
5109499	593117.TGAM_0753	401.3095196578316	91
5109501	593117.TGAM_0755	55.29019655737877	6
5110224	593117.TGAM_1478	7.301347019672542	2
5110225	593117.TGAM_1479	670.8253912277569	86
5109500	593117.TGAM_0754	52.91670241045624	3
5109818	593117.TGAM_1072	15.224289319156894	6
5109503	593117.TGAM_0757	5.621731420118595	1
5109502	593117.TGAM_0756	13.121840451653505	7
5109819	593117.TGAM_1073	85.2627114327662	7
5109816	593117.TGAM_1070	1200.402080953116	239
5109505	593117.TGAM_0759	52.97963310088269	16
5109817	593117.TGAM_1071	17.599904338637263	2
5110358	593117.TGAM_1612	61.388926383213565	15
5109823	593117.TGAM_1077	1123.8818770999128	319
5110359	593117.TGAM_1613	16.88673449526007	3
5109820	593117.TGAM_1074	214.1694750833626	30
5110356	593117.TGAM_1610	10.916499066367091	2
5110357	593117.TGAM_1611	44.359072342393425	9
5110641	593117.TGAM_1895	157.19391640486648	34
5109815	593117.TGAM_1069	2443.0100871087757	277
5110638	593117.TGAM_1892	635.296206466725	124
5110644	593117.TGAM_1898	3.0170994057266456	1
5110643	593117.TGAM_1897	272.0731206927668	39
5110642	593117.TGAM_1896	13.522315010874056	6
5110227	593117.TGAM_1481	29.489794379334974	7
5109508	593117.TGAM_0762	11.272037946535548	2
5110211	593117.TGAM_1465	21.884776731493243	6
5109506	593117.TGAM_0760	25.412963827778935	6
5110351	593117.TGAM_1605	8.326475791061764	1
5110212	593117.TGAM_1466	2.7739736644638158	1
5109512	593117.TGAM_0766	15.931289350549603	8
5110353	593117.TGAM_1607	246.14846769971547	35
5109511	593117.TGAM_0765	39.83092195678831	8
5110354	593117.TGAM_1608	6.711451190353596	1
5109509	593117.TGAM_0763	103.03694205017436	12
5109826	593117.TGAM_1080	57.42527416013978	3
5109827	593117.TGAM_1081	15.552754922536236	2
5109828	593117.TGAM_1082	35.91272779182466	11
5109514	593117.TGAM_0768	38.37665714810564	8
5109513	593117.TGAM_0767	9.717932958275888	6
5109830	593117.TGAM_1084	748.5767491069284	190
5109832	593117.TGAM_1086	1040.337561070652	327
5109833	593117.TGAM_1087	361.12167313674183	139
5110636	593117.TGAM_1890	9.23724446209726	2
5110637	593117.TGAM_1891	1702.8751107822382	436
5109834	593117.TGAM_1088	3076.1425497026385	899
5110628	593117.TGAM_1882	65.5742868540203	8
5109824	593117.TGAM_1078	531.6110069046155	64
5110627	593117.TGAM_1881	16.919902409188467	2
5110630	593117.TGAM_1884	864.5293657201739	55
5110632	593117.TGAM_1886	212.73045950618527	23
5110631	593117.TGAM_1885	1070.7547001962673	114
5110634	593117.TGAM_1888	297.01596144131247	12
5110633	593117.TGAM_1887	14.215912838900381	4
5110635	593117.TGAM_1889	3.8045050914249434	1
5110219	593117.TGAM_1473	19.159430719613102	2
5109477	593117.TGAM_0731	280.7986579731809	80
5109476	593117.TGAM_0730	1214.5099451697608	258
5109966	593117.TGAM_1220	45.60495501010543	5
5109479	593117.TGAM_0733	292.23007288982353	49
5110244	593117.TGAM_1498	394.255863808543	43
5110626	593117.TGAM_1880	379.38392090218775	138
5109845	593117.TGAM_1099	37.50630976007701	4
5109481	593117.TGAM_0735	93.83591716320227	10
5109480	593117.TGAM_0734	141.52390912014542	34
5109841	593117.TGAM_1095	623.7104392419834	84
5109838	593117.TGAM_1092	421.2415042166582	167
5109483	593117.TGAM_0737	262.1940024308488	44
5109482	593117.TGAM_0736	1110.3984823464853	100
5109839	593117.TGAM_1093	11.69233972334473	4
5110623	593117.TGAM_1877	3.0389544824569157	1
5110622	593117.TGAM_1876	1300.5876265337047	86
5110621	593117.TGAM_1875	1096.008088106541	51
5110620	593117.TGAM_1874	2640.3993354105423	40
5110619	593117.TGAM_1873	3997.038105323385	324
5110617	593117.TGAM_1871	629.549963192352	211
5109965	593117.TGAM_1219	24.75332781446184	8
5109964	593117.TGAM_1218	617.5790065079481	121
5110616	593117.TGAM_1870	1959.1930017143388	49
5109835	593117.TGAM_1089	178.27022989501748	28
5109962	593117.TGAM_1216	168.27702803423864	17
5109960	593117.TGAM_1214	138.2828827708092	13
5109958	593117.TGAM_1212	139.20458677063596	9
5110625	593117.TGAM_1879	96.2920928780672	73
5109957	593117.TGAM_1211	164.12025186481964	34
5109956	593117.TGAM_1210	55.581556627676115	16
5110624	593117.TGAM_1878	84.5342949919541	8
5110235	593117.TGAM_1489	310.08499577260034	13
5109490	593117.TGAM_0744	72.60352855852034	8
5109489	593117.TGAM_0743	204.78888104335468	25
5109488	593117.TGAM_0742	3253.402308873127	424
5109487	593117.TGAM_0741	1371.9279282072114	270
5110231	593117.TGAM_1485	11.483115565693847	4
5109486	593117.TGAM_0740	6.146082848175361	1
5110232	593117.TGAM_1486	65.81480941579719	20
5109495	593117.TGAM_0749	294.84379949899363	64
5109494	593117.TGAM_0748	346.93644983751506	64
5109492	593117.TGAM_0746	22.914825506939035	6
5109491	593117.TGAM_0745	29.622615860839822	6
5110610	593117.TGAM_1864	263.72792341201017	39
5110609	593117.TGAM_1863	60.96293049299801	9
5110612	593117.TGAM_1866	61.1189312948896	7
5110611	593117.TGAM_1865	201.97564988054592	22
5109954	593117.TGAM_1208	9.368270242287908	2
5109953	593117.TGAM_1207	24.026440051718648	6
5110607	593117.TGAM_1861	48.39684657745242	3
5109950	593117.TGAM_1204	121.6325582679969	8
5110238	593117.TGAM_1492	10.678077011831235	1
5109949	593117.TGAM_1203	48.71346727751826	7
5110241	593117.TGAM_1495	254.94529546849657	8
5109952	593117.TGAM_1206	5.793054610750182	4
5109951	593117.TGAM_1205	27.961015552012515	4
5109946	593117.TGAM_1200	621.9868838477435	50
5110614	593117.TGAM_1868	2.458033378719295	1
5110613	593117.TGAM_1867	147.78146301965427	85
5110237	593117.TGAM_1491	129.2409480116125	22
5109948	593117.TGAM_1202	24.381020635075906	5
5109947	593117.TGAM_1201	1669.4934511924166	529
5110236	593117.TGAM_1490	939.1458561086129	5
